[gd_scene load_steps=14 format=2]

[ext_resource path="res://assets/2D/tentacle04.png" type="Texture" id=1]
[ext_resource path="res://assets/2D/tentacle03.png" type="Texture" id=2]
[ext_resource path="res://assets/2D/tentacle02.png" type="Texture" id=3]
[ext_resource path="res://assets/2D/tentacle01.png" type="Texture" id=4]
[ext_resource path="res://assets/2D/milkaeprincess.png" type="Texture" id=5]
[ext_resource path="res://Catkren.gd" type="Script" id=6]

[sub_resource type="Animation" id=1]
resource_name = "tentacle01"
length = 5.0
loop = true
tracks/0/type = "transform"
tracks/0/path = NodePath(".")
tracks/0/interp = 1
tracks/0/loop_wrap = true
tracks/0/imported = false
tracks/0/enabled = true
tracks/0/keys = PoolRealArray( 0, 1, 30.0235, -14.5479, -1.18354, 0.0353944, -0.124422, 0.952387, 0.27609, 1, 1, 1, 2.5, 1, 30.0235, -14.5479, -1.18354, 0.0402326, -0.122942, 0.962454, 0.238638, 1, 1, 1 )

[sub_resource type="Animation" id=2]
resource_name = "tentacle02"
length = 5.0
loop = true
tracks/0/type = "transform"
tracks/0/path = NodePath(".")
tracks/0/interp = 1
tracks/0/loop_wrap = true
tracks/0/imported = false
tracks/0/enabled = true
tracks/0/keys = PoolRealArray( 0, 1, 0.54025, -7.18179, -0.416305, 0.0893427, -0.0935489, 0.971218, -0.200007, 1, 1, 1, 2.5, 1, 0.54025, -7.18179, -0.416305, -0.116928, 0.0553291, -0.835085, 0.534696, 1, 1, 1 )

[sub_resource type="Animation" id=3]
resource_name = "tentacle03"
length = 5.0
loop = true
tracks/0/type = "transform"
tracks/0/path = NodePath(".")
tracks/0/interp = 1
tracks/0/loop_wrap = true
tracks/0/imported = false
tracks/0/enabled = true
tracks/0/keys = PoolRealArray( 0, 1, 11.0987, -13.9659, -21.9721, 0.515853, 0.0426341, 0.847187, 0.119799, 1, 1, 1, 2.5, 1, 11.0987, -22.3581, -21.9721, 0.465498, 0.266142, 0.805427, 0.252522, 1, 1, 1 )

[sub_resource type="Animation" id=4]
resource_name = "tentacle04"
length = 5.0
loop = true
tracks/0/type = "transform"
tracks/0/path = NodePath(".")
tracks/0/interp = 1
tracks/0/loop_wrap = true
tracks/0/imported = false
tracks/0/enabled = true
tracks/0/keys = PoolRealArray( 0, 1, 4.50685, -9.2054, -2.77059, 0.498205, -0.424323, 0.734503, -0.179577, 1, 1, 1, 2.5, 1, 4.50685, -9.2054, -2.77059, 0.499469, 0.135927, 0.837298, 0.176031, 1, 1, 1 )

[sub_resource type="SphereMesh" id=5]
is_hemisphere = true

[sub_resource type="SpatialMaterial" id=6]
albedo_color = Color( 0.917647, 0.827451, 0.929412, 1 )
emission_enabled = true
emission = Color( 0.411765, 0.290196, 0.45098, 1 )
emission_energy = 1.0
emission_operator = 0
emission_on_uv2 = false

[sub_resource type="SphereShape" id=7]
radius = 0.558564

[node name="catkren" type="Sprite3D"]
texture = ExtResource( 5 )
script = ExtResource( 6 )

[node name="tentacle01" type="Sprite3D" parent="."]
transform = Transform( -0.869417, -0.493949, 0.0113152, 0.474958, -0.841861, -0.256293, 0.136121, -0.217451, 0.966533, 30.0235, -14.5479, -1.18354 )
centered = false
texture = ExtResource( 4 )

[node name="AnimationPlayer" type="AnimationPlayer" parent="tentacle01"]
anims/tentacle01 = SubResource( 1 )

[node name="tentacle02" type="Sprite3D" parent="."]
transform = Transform( -0.452006, 0.854518, 0.255908, -0.881568, -0.471713, 0.0180291, 0.136121, -0.217451, 0.966533, 0.54025, -7.18179, -0.416305 )
centered = false
texture = ExtResource( 3 )

[node name="AnimationPlayer" type="AnimationPlayer" parent="tentacle02"]
anims/tentacle02 = SubResource( 2 )

[node name="tentacle03" type="Sprite3D" parent="."]
transform = Transform( -0.439088, -0.158999, 0.884263, 0.558947, -0.818902, 0.130303, 0.703406, 0.55147, 0.448442, 11.0987, -20.0992, -21.9721 )
centered = false
texture = ExtResource( 2 )

[node name="AnimationPlayer" type="AnimationPlayer" parent="tentacle03"]
anims/tentacle03 = SubResource( 3 )

[node name="tentacle04" type="Sprite3D" parent="."]
transform = Transform( -0.439088, -0.158999, 0.884263, -0.415337, -0.836813, -0.356706, 0.796679, -0.523893, 0.301396, 4.50685, -9.2054, -2.77059 )
centered = false
texture = ExtResource( 1 )

[node name="AnimationPlayer" type="AnimationPlayer" parent="tentacle04"]
anims/tentacle04 = SubResource( 4 )

[node name="MeshInstance" type="MeshInstance" parent="."]
transform = Transform( 0.242135, 0.80305, -6.47207, -0.0615785, -4.56348, -1.14619, -1.23156, 0.027339, -0.0860512, 0.866005, -5.29409, -0.422017 )
mesh = SubResource( 5 )
material/0 = SubResource( 6 )

[node name="catkrencollision" type="StaticBody" parent="."]
collision_layer = 3
collision_mask = 3

[node name="CollisionShape" type="CollisionShape" parent="catkrencollision"]
transform = Transform( 11.8607, 0, 0, 0, 14.2977, 0, 0, 0, -4.11058, 0.916946, -6.13123, 0 )
shape = SubResource( 7 )
